# columns = ['i', 'j', 'weight', 'delay']
41.0	0.0	0.011250000000000005	9.8
60.0	0.0	0.011250000000000005	9.8
99.0	0.0	0.011250000000000005	9.8
24.0	0.0	0.011250000000000005	9.8
8.0	0.0	0.011250000000000005	9.8
68.0	0.0	0.011250000000000005	9.8
23.0	0.0	0.011250000000000005	9.8
69.0	0.0	0.011250000000000005	9.8
21.0	0.0	0.011250000000000005	9.8
29.0	0.0	0.011250000000000005	9.8
59.0	0.0	0.011250000000000005	9.8
31.0	0.0	0.011250000000000005	9.8
71.0	0.0	0.011250000000000005	9.8
18.0	0.0	0.011250000000000005	9.8
70.0	0.0	0.011250000000000005	9.8
12.0	1.0	0.010738670137445634	9.8
11.0	1.0	0.010738670137445634	9.8
19.0	1.0	0.010738670137445634	9.8
82.0	1.0	0.010738670137445634	9.8
10.0	1.0	0.010738670137445634	9.8
97.0	1.0	0.010738670137445634	9.8
85.0	1.0	0.010738670137445634	9.8
92.0	1.0	0.010738670137445634	9.8
36.0	1.0	0.010738670137445634	9.8
18.0	1.0	0.010738670137445634	9.8
66.0	1.0	0.010738670137445634	9.8
40.0	1.0	0.010738670137445634	9.8
3.0	1.0	0.010738670137445634	9.8
70.0	1.0	0.010738670137445634	9.8
86.0	1.0	0.010738670137445634	9.8
56.0	2.0	0.010250581006299253	9.8
84.0	2.0	0.010250581006299253	9.8
11.0	2.0	0.010250581006299253	9.8
59.0	2.0	0.010250581006299253	9.8
76.0	2.0	0.010250581006299253	9.8
94.0	2.0	0.010250581006299253	9.8
41.0	2.0	0.010250581006299253	9.8
25.0	2.0	0.010250581006299253	9.8
87.0	2.0	0.010250581006299253	9.8
83.0	2.0	0.010250581006299253	9.8
23.0	2.0	0.010250581006299253	9.8
97.0	2.0	0.010250581006299253	9.8
60.0	2.0	0.010250581006299253	9.8
69.0	2.0	0.010250581006299253	9.8
64.0	2.0	0.010250581006299253	9.8
25.0	3.0	0.009784676279450066	9.8
14.0	3.0	0.009784676279450066	9.8
73.0	3.0	0.009784676279450066	9.8
22.0	3.0	0.009784676279450066	9.8
44.0	3.0	0.009784676279450066	9.8
30.0	3.0	0.009784676279450066	9.8
75.0	3.0	0.009784676279450066	9.8
81.0	3.0	0.009784676279450066	9.8
2.0	3.0	0.009784676279450066	9.8
13.0	3.0	0.009784676279450066	9.8
93.0	3.0	0.009784676279450066	9.8
96.0	3.0	0.009784676279450066	9.8
41.0	3.0	0.009784676279450066	9.8
20.0	3.0	0.009784676279450066	9.8
98.0	3.0	0.009784676279450066	9.8
95.0	4.0	0.009339947641484722	9.8
72.0	4.0	0.009339947641484722	9.8
45.0	4.0	0.009339947641484722	9.8
21.0	4.0	0.009339947641484722	9.8
52.0	4.0	0.009339947641484722	9.8
51.0	4.0	0.009339947641484722	9.8
5.0	4.0	0.009339947641484722	9.8
31.0	4.0	0.009339947641484722	9.8
70.0	4.0	0.009339947641484722	9.8
88.0	4.0	0.009339947641484722	9.8
12.0	4.0	0.009339947641484722	9.8
66.0	4.0	0.009339947641484722	9.8
55.0	4.0	0.009339947641484722	9.8
0.0	4.0	0.009339947641484722	9.8
84.0	4.0	0.009339947641484722	9.8
6.0	5.0	0.008915432606481578	9.8
26.0	5.0	0.008915432606481578	9.8
37.0	5.0	0.008915432606481578	9.8
93.0	5.0	0.008915432606481578	9.8
49.0	5.0	0.008915432606481578	9.8
89.0	5.0	0.008915432606481578	9.8
15.0	5.0	0.008915432606481578	9.8
0.0	5.0	0.008915432606481578	9.8
3.0	5.0	0.008915432606481578	9.8
98.0	5.0	0.008915432606481578	9.8
45.0	5.0	0.008915432606481578	9.8
81.0	5.0	0.008915432606481578	9.8
18.0	5.0	0.008915432606481578	9.8
63.0	5.0	0.008915432606481578	9.8
9.0	5.0	0.008915432606481578	9.8
5.0	6.0	0.00851021243498958	9.8
47.0	6.0	0.00851021243498958	9.8
49.0	6.0	0.00851021243498958	9.8
51.0	6.0	0.00851021243498958	9.8
93.0	6.0	0.00851021243498958	9.8
11.0	6.0	0.00851021243498958	9.8
33.0	6.0	0.00851021243498958	9.8
75.0	6.0	0.00851021243498958	9.8
23.0	6.0	0.00851021243498958	9.8
78.0	6.0	0.00851021243498958	9.8
2.0	6.0	0.00851021243498958	9.8
72.0	6.0	0.00851021243498958	9.8
48.0	6.0	0.00851021243498958	9.8
37.0	6.0	0.00851021243498958	9.8
92.0	6.0	0.00851021243498958	9.8
4.0	7.0	0.008123410145683655	9.8
82.0	7.0	0.008123410145683655	9.8
24.0	7.0	0.008123410145683655	9.8
42.0	7.0	0.008123410145683655	9.8
3.0	7.0	0.008123410145683655	9.8
40.0	7.0	0.008123410145683655	9.8
56.0	7.0	0.008123410145683655	9.8
20.0	7.0	0.008123410145683655	9.8
69.0	7.0	0.008123410145683655	9.8
23.0	7.0	0.008123410145683655	9.8
59.0	7.0	0.008123410145683655	9.8
66.0	7.0	0.008123410145683655	9.8
38.0	7.0	0.008123410145683655	9.8
10.0	7.0	0.008123410145683655	9.8
51.0	7.0	0.008123410145683655	9.8
81.0	8.0	0.007754188617393416	9.8
12.0	8.0	0.007754188617393416	9.8
22.0	8.0	0.007754188617393416	9.8
58.0	8.0	0.007754188617393416	9.8
86.0	8.0	0.007754188617393416	9.8
51.0	8.0	0.007754188617393416	9.8
53.0	8.0	0.007754188617393416	9.8
30.0	8.0	0.007754188617393416	9.8
19.0	8.0	0.007754188617393416	9.8
99.0	8.0	0.007754188617393416	9.8
56.0	8.0	0.007754188617393416	9.8
98.0	8.0	0.007754188617393416	9.8
80.0	8.0	0.007754188617393416	9.8
96.0	8.0	0.007754188617393416	9.8
75.0	8.0	0.007754188617393416	9.8
26.0	9.0	0.007401748777397644	9.8
56.0	9.0	0.007401748777397644	9.8
44.0	9.0	0.007401748777397644	9.8
88.0	9.0	0.007401748777397644	9.8
19.0	9.0	0.007401748777397644	9.8
43.0	9.0	0.007401748777397644	9.8
60.0	9.0	0.007401748777397644	9.8
70.0	9.0	0.007401748777397644	9.8
99.0	9.0	0.007401748777397644	9.8
30.0	9.0	0.007401748777397644	9.8
65.0	9.0	0.007401748777397644	9.8
35.0	9.0	0.007401748777397644	9.8
67.0	9.0	0.007401748777397644	9.8
95.0	9.0	0.007401748777397644	9.8
77.0	9.0	0.007401748777397644	9.8
55.0	10.0	0.007065327872063543	9.8
35.0	10.0	0.007065327872063543	9.8
69.0	10.0	0.007065327872063543	9.8
48.0	10.0	0.007065327872063543	9.8
61.0	10.0	0.007065327872063543	9.8
28.0	10.0	0.007065327872063543	9.8
63.0	10.0	0.007065327872063543	9.8
51.0	10.0	0.007065327872063543	9.8
46.0	10.0	0.007065327872063543	9.8
37.0	10.0	0.007065327872063543	9.8
30.0	10.0	0.007065327872063543	9.8
64.0	10.0	0.007065327872063543	9.8
13.0	10.0	0.007065327872063543	9.8
32.0	10.0	0.007065327872063543	9.8
23.0	10.0	0.007065327872063543	9.8
14.0	11.0	0.006744197816088093	9.8
28.0	11.0	0.006744197816088093	9.8
92.0	11.0	0.006744197816088093	9.8
32.0	11.0	0.006744197816088093	9.8
8.0	11.0	0.006744197816088093	9.8
47.0	11.0	0.006744197816088093	9.8
70.0	11.0	0.006744197816088093	9.8
52.0	11.0	0.006744197816088093	9.8
27.0	11.0	0.006744197816088093	9.8
23.0	11.0	0.006744197816088093	9.8
89.0	11.0	0.006744197816088093	9.8
51.0	11.0	0.006744197816088093	9.8
96.0	11.0	0.006744197816088093	9.8
0.0	11.0	0.006744197816088093	9.8
77.0	11.0	0.006744197816088093	9.8
29.0	12.0	0.0064376636167689984	9.8
3.0	12.0	0.0064376636167689984	9.8
44.0	12.0	0.0064376636167689984	9.8
53.0	12.0	0.0064376636167689984	9.8
40.0	12.0	0.0064376636167689984	9.8
9.0	12.0	0.0064376636167689984	9.8
75.0	12.0	0.0064376636167689984	9.8
63.0	12.0	0.0064376636167689984	9.8
45.0	12.0	0.0064376636167689984	9.8
37.0	12.0	0.0064376636167689984	9.8
51.0	12.0	0.0064376636167689984	9.8
8.0	12.0	0.0064376636167689984	9.8
55.0	12.0	0.0064376636167689984	9.8
30.0	12.0	0.0064376636167689984	9.8
64.0	12.0	0.0064376636167689984	9.8
90.0	13.0	0.006145061869894886	9.8
58.0	13.0	0.006145061869894886	9.8
28.0	13.0	0.006145061869894886	9.8
51.0	13.0	0.006145061869894886	9.8
54.0	13.0	0.006145061869894886	9.8
92.0	13.0	0.006145061869894886	9.8
96.0	13.0	0.006145061869894886	9.8
84.0	13.0	0.006145061869894886	9.8
18.0	13.0	0.006145061869894886	9.8
39.0	13.0	0.006145061869894886	9.8
22.0	13.0	0.006145061869894886	9.8
67.0	13.0	0.006145061869894886	9.8
75.0	13.0	0.006145061869894886	9.8
24.0	13.0	0.006145061869894886	9.8
98.0	13.0	0.006145061869894886	9.8
59.0	14.0	0.005865759323999648	9.8
0.0	14.0	0.005865759323999648	9.8
28.0	14.0	0.005865759323999648	9.8
3.0	14.0	0.005865759323999648	9.8
17.0	14.0	0.005865759323999648	9.8
21.0	14.0	0.005865759323999648	9.8
85.0	14.0	0.005865759323999648	9.8
68.0	14.0	0.005865759323999648	9.8
49.0	14.0	0.005865759323999648	9.8
55.0	14.0	0.005865759323999648	9.8
65.0	14.0	0.005865759323999648	9.8
9.0	14.0	0.005865759323999648	9.8
71.0	14.0	0.005865759323999648	9.8
48.0	14.0	0.005865759323999648	9.8
25.0	14.0	0.005865759323999648	9.8
7.0	15.0	0.005599151509873629	9.8
58.0	15.0	0.005599151509873629	9.8
26.0	15.0	0.005599151509873629	9.8
29.0	15.0	0.005599151509873629	9.8
9.0	15.0	0.005599151509873629	9.8
95.0	15.0	0.005599151509873629	9.8
91.0	15.0	0.005599151509873629	9.8
6.0	15.0	0.005599151509873629	9.8
57.0	15.0	0.005599151509873629	9.8
98.0	15.0	0.005599151509873629	9.8
96.0	15.0	0.005599151509873629	9.8
19.0	15.0	0.005599151509873629	9.8
44.0	15.0	0.005599151509873629	9.8
0.0	15.0	0.005599151509873629	9.8
73.0	15.0	0.005599151509873629	9.8
32.0	16.0	0.005344661432365648	9.8
43.0	16.0	0.005344661432365648	9.8
20.0	16.0	0.005344661432365648	9.8
60.0	16.0	0.005344661432365648	9.8
28.0	16.0	0.005344661432365648	9.8
97.0	16.0	0.005344661432365648	9.8
83.0	16.0	0.005344661432365648	9.8
42.0	16.0	0.005344661432365648	9.8
9.0	16.0	0.005344661432365648	9.8
36.0	16.0	0.005344661432365648	9.8
98.0	16.0	0.005344661432365648	9.8
58.0	16.0	0.005344661432365648	9.8
87.0	16.0	0.005344661432365648	9.8
45.0	16.0	0.005344661432365648	9.8
21.0	16.0	0.005344661432365648	9.8
0.0	17.0	0.005101738321644659	9.8
27.0	17.0	0.005101738321644659	9.8
70.0	17.0	0.005101738321644659	9.8
46.0	17.0	0.005101738321644659	9.8
94.0	17.0	0.005101738321644659	9.8
5.0	17.0	0.005101738321644659	9.8
35.0	17.0	0.005101738321644659	9.8
78.0	17.0	0.005101738321644659	9.8
40.0	17.0	0.005101738321644659	9.8
42.0	17.0	0.005101738321644659	9.8
91.0	17.0	0.005101738321644659	9.8
24.0	17.0	0.005101738321644659	9.8
37.0	17.0	0.005101738321644659	9.8
14.0	17.0	0.005101738321644659	9.8
79.0	17.0	0.005101738321644659	9.8
10.0	18.0	0.004869856441218445	9.8
59.0	18.0	0.004869856441218445	9.8
41.0	18.0	0.004869856441218445	9.8
28.0	18.0	0.004869856441218445	9.8
27.0	18.0	0.004869856441218445	9.8
62.0	18.0	0.004869856441218445	9.8
86.0	18.0	0.004869856441218445	9.8
17.0	18.0	0.004869856441218445	9.8
50.0	18.0	0.004869856441218445	9.8
77.0	18.0	0.004869856441218445	9.8
89.0	18.0	0.004869856441218445	9.8
71.0	18.0	0.004869856441218445	9.8
85.0	18.0	0.004869856441218445	9.8
94.0	18.0	0.004869856441218445	9.8
80.0	18.0	0.004869856441218445	9.8
12.0	19.0	0.004648513950129757	9.8
50.0	19.0	0.004648513950129757	9.8
29.0	19.0	0.004648513950129757	9.8
64.0	19.0	0.004648513950129757	9.8
42.0	19.0	0.004648513950129757	9.8
18.0	19.0	0.004648513950129757	9.8
63.0	19.0	0.004648513950129757	9.8
56.0	19.0	0.004648513950129757	9.8
48.0	19.0	0.004648513950129757	9.8
3.0	19.0	0.004648513950129757	9.8
15.0	19.0	0.004648513950129757	9.8
89.0	19.0	0.004648513950129757	9.8
26.0	19.0	0.004648513950129757	9.8
41.0	19.0	0.004648513950129757	9.8
1.0	19.0	0.004648513950129757	9.8
64.0	20.0	0.004437231816867366	9.8
34.0	20.0	0.004437231816867366	9.8
99.0	20.0	0.004437231816867366	9.8
43.0	20.0	0.004437231816867366	9.8
35.0	20.0	0.004437231816867366	9.8
2.0	20.0	0.004437231816867366	9.8
81.0	20.0	0.004437231816867366	9.8
74.0	20.0	0.004437231816867366	9.8
0.0	20.0	0.004437231816867366	9.8
86.0	20.0	0.004437231816867366	9.8
52.0	20.0	0.004437231816867366	9.8
73.0	20.0	0.004437231816867366	9.8
12.0	20.0	0.004437231816867366	9.8
59.0	20.0	0.004437231816867366	9.8
7.0	20.0	0.004437231816867366	9.8
17.0	21.0	0.004235552782641528	9.8
38.0	21.0	0.004235552782641528	9.8
72.0	21.0	0.004235552782641528	9.8
54.0	21.0	0.004235552782641528	9.8
65.0	21.0	0.004235552782641528	9.8
10.0	21.0	0.004235552782641528	9.8
30.0	21.0	0.004235552782641528	9.8
14.0	21.0	0.004235552782641528	9.8
79.0	21.0	0.004235552782641528	9.8
23.0	21.0	0.004235552782641528	9.8
19.0	21.0	0.004235552782641528	9.8
6.0	21.0	0.004235552782641528	9.8
64.0	21.0	0.004235552782641528	9.8
49.0	21.0	0.004235552782641528	9.8
76.0	21.0	0.004235552782641528	9.8
61.0	22.0	0.0040430403717802085	9.8
19.0	22.0	0.0040430403717802085	9.8
16.0	22.0	0.0040430403717802085	9.8
41.0	22.0	0.0040430403717802085	9.8
92.0	22.0	0.0040430403717802085	9.8
72.0	22.0	0.0040430403717802085	9.8
46.0	22.0	0.0040430403717802085	9.8
98.0	22.0	0.0040430403717802085	9.8
7.0	22.0	0.0040430403717802085	9.8
97.0	22.0	0.0040430403717802085	9.8
31.0	22.0	0.0040430403717802085	9.8
89.0	22.0	0.0040430403717802085	9.8
77.0	22.0	0.0040430403717802085	9.8
38.0	22.0	0.0040430403717802085	9.8
94.0	22.0	0.0040430403717802085	9.8
22.0	23.0	0.0038592779471042864	9.8
73.0	23.0	0.0038592779471042864	9.8
74.0	23.0	0.0038592779471042864	9.8
39.0	23.0	0.0038592779471042864	9.8
29.0	23.0	0.0038592779471042864	9.8
18.0	23.0	0.0038592779471042864	9.8
60.0	23.0	0.0038592779471042864	9.8
84.0	23.0	0.0038592779471042864	9.8
42.0	23.0	0.0038592779471042864	9.8
37.0	23.0	0.0038592779471042864	9.8
91.0	23.0	0.0038592779471042864	9.8
99.0	23.0	0.0038592779471042864	9.8
19.0	23.0	0.0038592779471042864	9.8
80.0	23.0	0.0038592779471042864	9.8
31.0	23.0	0.0038592779471042864	9.8
44.0	24.0	0.0036838678082374465	9.8
7.0	24.0	0.0036838678082374465	9.8
15.0	24.0	0.0036838678082374465	9.8
5.0	24.0	0.0036838678082374465	9.8
53.0	24.0	0.0036838678082374465	9.8
20.0	24.0	0.0036838678082374465	9.8
71.0	24.0	0.0036838678082374465	9.8
37.0	24.0	0.0036838678082374465	9.8
99.0	24.0	0.0036838678082374465	9.8
54.0	24.0	0.0036838678082374465	9.8
82.0	24.0	0.0036838678082374465	9.8
68.0	24.0	0.0036838678082374465	9.8
32.0	24.0	0.0036838678082374465	9.8
21.0	24.0	0.0036838678082374465	9.8
55.0	24.0	0.0036838678082374465	9.8
2.0	25.0	0.0035164303308992686	9.8
28.0	25.0	0.0035164303308992686	9.8
71.0	25.0	0.0035164303308992686	9.8
44.0	25.0	0.0035164303308992686	9.8
77.0	25.0	0.0035164303308992686	9.8
58.0	25.0	0.0035164303308992686	9.8
42.0	25.0	0.0035164303308992686	9.8
10.0	25.0	0.0035164303308992686	9.8
31.0	25.0	0.0035164303308992686	9.8
89.0	25.0	0.0035164303308992686	9.8
62.0	25.0	0.0035164303308992686	9.8
40.0	25.0	0.0035164303308992686	9.8
47.0	25.0	0.0035164303308992686	9.8
27.0	25.0	0.0035164303308992686	9.8
83.0	25.0	0.0035164303308992686	9.8
41.0	26.0	0.003356603145318758	9.8
71.0	26.0	0.003356603145318758	9.8
90.0	26.0	0.003356603145318758	9.8
98.0	26.0	0.003356603145318758	9.8
46.0	26.0	0.003356603145318758	9.8
30.0	26.0	0.003356603145318758	9.8
5.0	26.0	0.003356603145318758	9.8
95.0	26.0	0.003356603145318758	9.8
13.0	26.0	0.003356603145318758	9.8
17.0	26.0	0.003356603145318758	9.8
55.0	26.0	0.003356603145318758	9.8
23.0	26.0	0.003356603145318758	9.8
73.0	26.0	0.003356603145318758	9.8
65.0	26.0	0.003356603145318758	9.8
45.0	26.0	0.003356603145318758	9.8
26.0	27.0	0.003204040351990279	9.8
60.0	27.0	0.003204040351990279	9.8
13.0	27.0	0.003204040351990279	9.8
14.0	27.0	0.003204040351990279	9.8
69.0	27.0	0.003204040351990279	9.8
32.0	27.0	0.003204040351990279	9.8
73.0	27.0	0.003204040351990279	9.8
40.0	27.0	0.003204040351990279	9.8
45.0	27.0	0.003204040351990279	9.8
75.0	27.0	0.003204040351990279	9.8
38.0	27.0	0.003204040351990279	9.8
63.0	27.0	0.003204040351990279	9.8
96.0	27.0	0.003204040351990279	9.8
58.0	27.0	0.003204040351990279	9.8
6.0	27.0	0.003204040351990279	9.8
32.0	28.0	0.0030584117730745593	9.8
25.0	28.0	0.0030584117730745593	9.8
83.0	28.0	0.0030584117730745593	9.8
34.0	28.0	0.0030584117730745593	9.8
54.0	28.0	0.0030584117730745593	9.8
49.0	28.0	0.0030584117730745593	9.8
97.0	28.0	0.0030584117730745593	9.8
70.0	28.0	0.0030584117730745593	9.8
62.0	28.0	0.0030584117730745593	9.8
81.0	28.0	0.0030584117730745593	9.8
48.0	28.0	0.0030584117730745593	9.8
11.0	28.0	0.0030584117730745593	9.8
56.0	28.0	0.0030584117730745593	9.8
76.0	28.0	0.0030584117730745593	9.8
82.0	28.0	0.0030584117730745593	9.8
82.0	29.0	0.002919402237824704	9.8
13.0	29.0	0.002919402237824704	9.8
20.0	29.0	0.002919402237824704	9.8
70.0	29.0	0.002919402237824704	9.8
83.0	29.0	0.002919402237824704	9.8
49.0	29.0	0.002919402237824704	9.8
78.0	29.0	0.002919402237824704	9.8
35.0	29.0	0.002919402237824704	9.8
90.0	29.0	0.002919402237824704	9.8
48.0	29.0	0.002919402237824704	9.8
26.0	29.0	0.002919402237824704	9.8
99.0	29.0	0.002919402237824704	9.8
94.0	29.0	0.002919402237824704	9.8
72.0	29.0	0.002919402237824704	9.8
10.0	29.0	0.002919402237824704	9.8
66.0	30.0	0.0027867109004906764	9.8
71.0	30.0	0.0027867109004906764	9.8
69.0	30.0	0.0027867109004906764	9.8
51.0	30.0	0.0027867109004906764	9.8
80.0	30.0	0.0027867109004906764	9.8
29.0	30.0	0.0027867109004906764	9.8
49.0	30.0	0.0027867109004906764	9.8
9.0	30.0	0.0027867109004906764	9.8
19.0	30.0	0.0027867109004906764	9.8
50.0	30.0	0.0027867109004906764	9.8
25.0	30.0	0.0027867109004906764	9.8
95.0	30.0	0.0027867109004906764	9.8
23.0	30.0	0.0027867109004906764	9.8
27.0	30.0	0.0027867109004906764	9.8
77.0	30.0	0.0027867109004906764	9.8
9.0	31.0	0.0026600505892260843	9.8
25.0	31.0	0.0026600505892260843	9.8
40.0	31.0	0.0026600505892260843	9.8
55.0	31.0	0.0026600505892260843	9.8
58.0	31.0	0.0026600505892260843	9.8
24.0	31.0	0.0026600505892260843	9.8
54.0	31.0	0.0026600505892260843	9.8
20.0	31.0	0.0026600505892260843	9.8
99.0	31.0	0.0026600505892260843	9.8
90.0	31.0	0.0026600505892260843	9.8
60.0	31.0	0.0026600505892260843	9.8
88.0	31.0	0.0026600505892260843	9.8
8.0	31.0	0.0026600505892260843	9.8
66.0	31.0	0.0026600505892260843	9.8
77.0	31.0	0.0026600505892260843	9.8
85.0	32.0	0.0025391471845881614	9.8
58.0	32.0	0.0025391471845881614	9.8
69.0	32.0	0.0025391471845881614	9.8
86.0	32.0	0.0025391471845881614	9.8
88.0	32.0	0.0025391471845881614	9.8
55.0	32.0	0.0025391471845881614	9.8
94.0	32.0	0.0025391471845881614	9.8
46.0	32.0	0.0025391471845881614	9.8
60.0	32.0	0.0025391471845881614	9.8
35.0	32.0	0.0025391471845881614	9.8
70.0	32.0	0.0025391471845881614	9.8
25.0	32.0	0.0025391471845881614	9.8
77.0	32.0	0.0025391471845881614	9.8
61.0	32.0	0.0025391471845881614	9.8
45.0	32.0	0.0025391471845881614	9.8
19.0	33.0	0.0024237390262858696	9.8
24.0	33.0	0.0024237390262858696	9.8
21.0	33.0	0.0024237390262858696	9.8
53.0	33.0	0.0024237390262858696	9.8
50.0	33.0	0.0024237390262858696	9.8
82.0	33.0	0.0024237390262858696	9.8
44.0	33.0	0.0024237390262858696	9.8
33.0	33.0	0.0024237390262858696	9.8
47.0	33.0	0.0024237390262858696	9.8
56.0	33.0	0.0024237390262858696	9.8
88.0	33.0	0.0024237390262858696	9.8
39.0	33.0	0.0024237390262858696	9.8
91.0	33.0	0.0024237390262858696	9.8
80.0	33.0	0.0024237390262858696	9.8
13.0	33.0	0.0024237390262858696	9.8
99.0	34.0	0.0023135763468922336	9.8
28.0	34.0	0.0023135763468922336	9.8
25.0	34.0	0.0023135763468922336	9.8
53.0	34.0	0.0023135763468922336	9.8
22.0	34.0	0.0023135763468922336	9.8
18.0	34.0	0.0023135763468922336	9.8
76.0	34.0	0.0023135763468922336	9.8
94.0	34.0	0.0023135763468922336	9.8
67.0	34.0	0.0023135763468922336	9.8
27.0	34.0	0.0023135763468922336	9.8
49.0	34.0	0.0023135763468922336	9.8
37.0	34.0	0.0023135763468922336	9.8
13.0	34.0	0.0023135763468922336	9.8
40.0	34.0	0.0023135763468922336	9.8
96.0	34.0	0.0023135763468922336	9.8
47.0	35.0	0.002208420731295305	9.8
3.0	35.0	0.002208420731295305	9.8
26.0	35.0	0.002208420731295305	9.8
34.0	35.0	0.002208420731295305	9.8
27.0	35.0	0.002208420731295305	9.8
5.0	35.0	0.002208420731295305	9.8
12.0	35.0	0.002208420731295305	9.8
61.0	35.0	0.002208420731295305	9.8
57.0	35.0	0.002208420731295305	9.8
96.0	35.0	0.002208420731295305	9.8
0.0	35.0	0.002208420731295305	9.8
38.0	35.0	0.002208420731295305	9.8
71.0	35.0	0.002208420731295305	9.8
83.0	35.0	0.002208420731295305	9.8
81.0	35.0	0.002208420731295305	9.8
35.0	36.0	0.0021080446007179328	9.8
48.0	36.0	0.0021080446007179328	9.8
86.0	36.0	0.0021080446007179328	9.8
16.0	36.0	0.0021080446007179328	9.8
89.0	36.0	0.0021080446007179328	9.8
3.0	36.0	0.0021080446007179328	9.8
31.0	36.0	0.0021080446007179328	9.8
1.0	36.0	0.0021080446007179328	9.8
96.0	36.0	0.0021080446007179328	9.8
81.0	36.0	0.0021080446007179328	9.8
15.0	36.0	0.0021080446007179328	9.8
42.0	36.0	0.0021080446007179328	9.8
67.0	36.0	0.0021080446007179328	9.8
85.0	36.0	0.0021080446007179328	9.8
75.0	36.0	0.0021080446007179328	9.8
48.0	37.0	0.0020122307201896152	9.8
11.0	37.0	0.0020122307201896152	9.8
54.0	37.0	0.0020122307201896152	9.8
8.0	37.0	0.0020122307201896152	9.8
63.0	37.0	0.0020122307201896152	9.8
74.0	37.0	0.0020122307201896152	9.8
17.0	37.0	0.0020122307201896152	9.8
44.0	37.0	0.0020122307201896152	9.8
38.0	37.0	0.0020122307201896152	9.8
98.0	37.0	0.0020122307201896152	9.8
13.0	37.0	0.0020122307201896152	9.8
75.0	37.0	0.0020122307201896152	9.8
34.0	37.0	0.0020122307201896152	9.8
10.0	37.0	0.0020122307201896152	9.8
12.0	37.0	0.0020122307201896152	9.8
48.0	38.0	0.0019207717284045272	9.8
25.0	38.0	0.0019207717284045272	9.8
95.0	38.0	0.0019207717284045272	9.8
67.0	38.0	0.0019207717284045272	9.8
37.0	38.0	0.0019207717284045272	9.8
35.0	38.0	0.0019207717284045272	9.8
1.0	38.0	0.0019207717284045272	9.8
58.0	38.0	0.0019207717284045272	9.8
15.0	38.0	0.0019207717284045272	9.8
29.0	38.0	0.0019207717284045272	9.8
21.0	38.0	0.0019207717284045272	9.8
69.0	38.0	0.0019207717284045272	9.8
39.0	38.0	0.0019207717284045272	9.8
91.0	38.0	0.0019207717284045272	9.8
19.0	38.0	0.0019207717284045272	9.8
85.0	39.0	0.0018334696889482254	9.8
10.0	39.0	0.0018334696889482254	9.8
60.0	39.0	0.0018334696889482254	9.8
44.0	39.0	0.0018334696889482254	9.8
72.0	39.0	0.0018334696889482254	9.8
5.0	39.0	0.0018334696889482254	9.8
29.0	39.0	0.0018334696889482254	9.8
26.0	39.0	0.0018334696889482254	9.8
34.0	39.0	0.0018334696889482254	9.8
11.0	39.0	0.0018334696889482254	9.8
13.0	39.0	0.0018334696889482254	9.8
70.0	39.0	0.0018334696889482254	9.8
39.0	39.0	0.0018334696889482254	9.8
81.0	39.0	0.0018334696889482254	9.8
53.0	39.0	0.0018334696889482254	9.8
10.0	40.0	0.001750135661921781	9.8
74.0	40.0	0.001750135661921781	9.8
16.0	40.0	0.001750135661921781	9.8
20.0	40.0	0.001750135661921781	9.8
70.0	40.0	0.001750135661921781	9.8
69.0	40.0	0.001750135661921781	9.8
60.0	40.0	0.001750135661921781	9.8
87.0	40.0	0.001750135661921781	9.8
80.0	40.0	0.001750135661921781	9.8
94.0	40.0	0.001750135661921781	9.8
88.0	40.0	0.001750135661921781	9.8
49.0	40.0	0.001750135661921781	9.8
59.0	40.0	0.001750135661921781	9.8
24.0	40.0	0.001750135661921781	9.8
5.0	40.0	0.001750135661921781	9.8
80.0	41.0	0.0016705892950362735	9.8
73.0	41.0	0.0016705892950362735	9.8
27.0	41.0	0.0016705892950362735	9.8
61.0	41.0	0.0016705892950362735	9.8
78.0	41.0	0.0016705892950362735	9.8
5.0	41.0	0.0016705892950362735	9.8
56.0	41.0	0.0016705892950362735	9.8
0.0	41.0	0.0016705892950362735	9.8
94.0	41.0	0.0016705892950362735	9.8
48.0	41.0	0.0016705892950362735	9.8
64.0	41.0	0.0016705892950362735	9.8
26.0	41.0	0.0016705892950362735	9.8
97.0	41.0	0.0016705892950362735	9.8
35.0	41.0	0.0016705892950362735	9.8
18.0	41.0	0.0016705892950362735	9.8
43.0	42.0	0.0015946584332926566	9.8
66.0	42.0	0.0015946584332926566	9.8
30.0	42.0	0.0015946584332926566	9.8
83.0	42.0	0.0015946584332926566	9.8
33.0	42.0	0.0015946584332926566	9.8
27.0	42.0	0.0015946584332926566	9.8
44.0	42.0	0.0015946584332926566	9.8
39.0	42.0	0.0015946584332926566	9.8
8.0	42.0	0.0015946584332926566	9.8
94.0	42.0	0.0015946584332926566	9.8
64.0	42.0	0.0015946584332926566	9.8
85.0	42.0	0.0015946584332926566	9.8
18.0	42.0	0.0015946584332926566	9.8
90.0	42.0	0.0015946584332926566	9.8
49.0	42.0	0.0015946584332926566	9.8
63.0	43.0	0.0015221787464022832	9.8
75.0	43.0	0.0015221787464022832	9.8
44.0	43.0	0.0015221787464022832	9.8
2.0	43.0	0.0015221787464022832	9.8
15.0	43.0	0.0015221787464022832	9.8
34.0	43.0	0.0015221787464022832	9.8
88.0	43.0	0.0015221787464022832	9.8
68.0	43.0	0.0015221787464022832	9.8
83.0	43.0	0.0015221787464022832	9.8
70.0	43.0	0.0015221787464022832	9.8
80.0	43.0	0.0015221787464022832	9.8
50.0	43.0	0.0015221787464022832	9.8
24.0	43.0	0.0015221787464022832	9.8
57.0	43.0	0.0015221787464022832	9.8
5.0	43.0	0.0015221787464022832	9.8
35.0	44.0	0.001452993373141745	9.8
68.0	44.0	0.001452993373141745	9.8
57.0	44.0	0.001452993373141745	9.8
60.0	44.0	0.001452993373141745	9.8
44.0	44.0	0.001452993373141745	9.8
78.0	44.0	0.001452993373141745	9.8
59.0	44.0	0.001452993373141745	9.8
80.0	44.0	0.001452993373141745	9.8
67.0	44.0	0.001452993373141745	9.8
98.0	44.0	0.001452993373141745	9.8
72.0	44.0	0.001452993373141745	9.8
96.0	44.0	0.001452993373141745	9.8
5.0	44.0	0.001452993373141745	9.8
87.0	44.0	0.001452993373141745	9.8
69.0	44.0	0.001452993373141745	9.8
41.0	45.0	0.0013869525818723247	9.8
3.0	45.0	0.0013869525818723247	9.8
99.0	45.0	0.0013869525818723247	9.8
50.0	45.0	0.0013869525818723247	9.8
61.0	45.0	0.0013869525818723247	9.8
40.0	45.0	0.0013869525818723247	9.8
44.0	45.0	0.0013869525818723247	9.8
51.0	45.0	0.0013869525818723247	9.8
18.0	45.0	0.0013869525818723247	9.8
21.0	45.0	0.0013869525818723247	9.8
2.0	45.0	0.0013869525818723247	9.8
28.0	45.0	0.0013869525818723247	9.8
67.0	45.0	0.0013869525818723247	9.8
19.0	45.0	0.0013869525818723247	9.8
91.0	45.0	0.0013869525818723247	9.8
70.0	46.0	0.0013239134464893736	9.8
88.0	46.0	0.0013239134464893736	9.8
67.0	46.0	0.0013239134464893736	9.8
31.0	46.0	0.0013239134464893736	9.8
63.0	46.0	0.0013239134464893736	9.8
79.0	46.0	0.0013239134464893736	9.8
72.0	46.0	0.0013239134464893736	9.8
37.0	46.0	0.0013239134464893736	9.8
52.0	46.0	0.0013239134464893736	9.8
68.0	46.0	0.0013239134464893736	9.8
97.0	46.0	0.0013239134464893736	9.8
57.0	46.0	0.0013239134464893736	9.8
50.0	46.0	0.0013239134464893736	9.8
60.0	46.0	0.0013239134464893736	9.8
96.0	46.0	0.0013239134464893736	9.8
3.0	47.0	0.0012637395371002808	9.8
15.0	47.0	0.0012637395371002808	9.8
24.0	47.0	0.0012637395371002808	9.8
93.0	47.0	0.0012637395371002808	9.8
84.0	47.0	0.0012637395371002808	9.8
57.0	47.0	0.0012637395371002808	9.8
6.0	47.0	0.0012637395371002808	9.8
34.0	47.0	0.0012637395371002808	9.8
17.0	47.0	0.0012637395371002808	9.8
95.0	47.0	0.0012637395371002808	9.8
88.0	47.0	0.0012637395371002808	9.8
50.0	47.0	0.0012637395371002808	9.8
21.0	47.0	0.0012637395371002808	9.8
58.0	47.0	0.0012637395371002808	9.8
1.0	47.0	0.0012637395371002808	9.8
80.0	48.0	0.0012063006247616137	9.8
13.0	48.0	0.0012063006247616137	9.8
85.0	48.0	0.0012063006247616137	9.8
50.0	48.0	0.0012063006247616137	9.8
4.0	48.0	0.0012063006247616137	9.8
15.0	48.0	0.0012063006247616137	9.8
84.0	48.0	0.0012063006247616137	9.8
12.0	48.0	0.0012063006247616137	9.8
33.0	48.0	0.0012063006247616137	9.8
71.0	48.0	0.0012063006247616137	9.8
76.0	48.0	0.0012063006247616137	9.8
9.0	48.0	0.0012063006247616137	9.8
78.0	48.0	0.0012063006247616137	9.8
98.0	48.0	0.0012063006247616137	9.8
66.0	48.0	0.0012063006247616137	9.8
13.0	49.0	0.0011514723996364049	9.8
54.0	49.0	0.0011514723996364049	9.8
41.0	49.0	0.0011514723996364049	9.8
24.0	49.0	0.0011514723996364049	9.8
8.0	49.0	0.0011514723996364049	9.8
63.0	49.0	0.0011514723996364049	9.8
26.0	49.0	0.0011514723996364049	9.8
58.0	49.0	0.0011514723996364049	9.8
68.0	49.0	0.0011514723996364049	9.8
83.0	49.0	0.0011514723996364049	9.8
51.0	49.0	0.0011514723996364049	9.8
79.0	49.0	0.0011514723996364049	9.8
36.0	49.0	0.0011514723996364049	9.8
97.0	49.0	0.0011514723996364049	9.8
60.0	49.0	0.0011514723996364049	9.8
61.0	50.0	0.0010991362019616283	9.8
77.0	50.0	0.0010991362019616283	9.8
41.0	50.0	0.0010991362019616283	9.8
66.0	50.0	0.0010991362019616283	9.8
1.0	50.0	0.0010991362019616283	9.8
98.0	50.0	0.0010991362019616283	9.8
90.0	50.0	0.0010991362019616283	9.8
35.0	50.0	0.0010991362019616283	9.8
31.0	50.0	0.0010991362019616283	9.8
83.0	50.0	0.0010991362019616283	9.8
37.0	50.0	0.0010991362019616283	9.8
33.0	50.0	0.0010991362019616283	9.8
22.0	50.0	0.0010991362019616283	9.8
8.0	50.0	0.0010991362019616283	9.8
85.0	50.0	0.0010991362019616283	9.8
84.0	51.0	0.0010491787652436226	9.8
12.0	51.0	0.0010491787652436226	9.8
64.0	51.0	0.0010491787652436226	9.8
67.0	51.0	0.0010491787652436226	9.8
29.0	51.0	0.0010491787652436226	9.8
39.0	51.0	0.0010491787652436226	9.8
54.0	51.0	0.0010491787652436226	9.8
45.0	51.0	0.0010491787652436226	9.8
31.0	51.0	0.0010491787652436226	9.8
86.0	51.0	0.0010491787652436226	9.8
14.0	51.0	0.0010491787652436226	9.8
36.0	51.0	0.0010491787652436226	9.8
51.0	51.0	0.0010491787652436226	9.8
63.0	51.0	0.0010491787652436226	9.8
21.0	51.0	0.0010491787652436226	9.8
27.0	52.0	0.0010014919711256688	9.8
64.0	52.0	0.0010014919711256688	9.8
48.0	52.0	0.0010014919711256688	9.8
32.0	52.0	0.0010014919711256688	9.8
37.0	52.0	0.0010014919711256688	9.8
95.0	52.0	0.0010014919711256688	9.8
23.0	52.0	0.0010014919711256688	9.8
47.0	52.0	0.0010014919711256688	9.8
49.0	52.0	0.0010014919711256688	9.8
5.0	52.0	0.0010014919711256688	9.8
45.0	52.0	0.0010014919711256688	9.8
3.0	52.0	0.0010014919711256688	9.8
78.0	52.0	0.0010014919711256688	9.8
54.0	52.0	0.0010014919711256688	9.8
57.0	52.0	0.0010014919711256688	9.8
9.0	53.0	0.0009559726153972253	9.8
88.0	53.0	0.0009559726153972253	9.8
92.0	53.0	0.0009559726153972253	9.8
91.0	53.0	0.0009559726153972253	9.8
98.0	53.0	0.0009559726153972253	9.8
13.0	53.0	0.0009559726153972253	9.8
28.0	53.0	0.0009559726153972253	9.8
67.0	53.0	0.0009559726153972253	9.8
85.0	53.0	0.0009559726153972253	9.8
64.0	53.0	0.0009559726153972253	9.8
97.0	53.0	0.0009559726153972253	9.8
93.0	53.0	0.0009559726153972253	9.8
59.0	53.0	0.0009559726153972253	9.8
83.0	53.0	0.0009559726153972253	9.8
82.0	53.0	0.0009559726153972253	9.8
32.0	54.0	0.0009125221846383982	9.8
9.0	54.0	0.0009125221846383982	9.8
25.0	54.0	0.0009125221846383982	9.8
45.0	54.0	0.0009125221846383982	9.8
35.0	54.0	0.0009125221846383982	9.8
72.0	54.0	0.0009125221846383982	9.8
41.0	54.0	0.0009125221846383982	9.8
68.0	54.0	0.0009125221846383982	9.8
27.0	54.0	0.0009125221846383982	9.8
36.0	54.0	0.0009125221846383982	9.8
22.0	54.0	0.0009125221846383982	9.8
57.0	54.0	0.0009125221846383982	9.8
62.0	54.0	0.0009125221846383982	9.8
5.0	54.0	0.0009125221846383982	9.8
85.0	54.0	0.0009125221846383982	9.8
50.0	55.0	0.0008710466430162684	9.8
98.0	55.0	0.0008710466430162684	9.8
12.0	55.0	0.0008710466430162684	9.8
90.0	55.0	0.0008710466430162684	9.8
2.0	55.0	0.0008710466430162684	9.8
8.0	55.0	0.0008710466430162684	9.8
63.0	55.0	0.0008710466430162684	9.8
13.0	55.0	0.0008710466430162684	9.8
11.0	55.0	0.0008710466430162684	9.8
21.0	55.0	0.0008710466430162684	9.8
76.0	55.0	0.0008710466430162684	9.8
16.0	55.0	0.0008710466430162684	9.8
74.0	55.0	0.0008710466430162684	9.8
78.0	55.0	0.0008710466430162684	9.8
19.0	55.0	0.0008710466430162684	9.8
3.0	56.0	0.0008314562287716502	9.8
73.0	56.0	0.0008314562287716502	9.8
30.0	56.0	0.0008314562287716502	9.8
76.0	56.0	0.0008314562287716502	9.8
32.0	56.0	0.0008314562287716502	9.8
84.0	56.0	0.0008314562287716502	9.8
93.0	56.0	0.0008314562287716502	9.8
29.0	56.0	0.0008314562287716502	9.8
58.0	56.0	0.0008314562287716502	9.8
19.0	56.0	0.0008314562287716502	9.8
82.0	56.0	0.0008314562287716502	9.8
43.0	56.0	0.0008314562287716502	9.8
95.0	56.0	0.0008314562287716502	9.8
61.0	56.0	0.0008314562287716502	9.8
25.0	56.0	0.0008314562287716502	9.8
10.0	57.0	0.0007936652599558476	9.8
32.0	57.0	0.0007936652599558476	9.8
7.0	57.0	0.0007936652599558476	9.8
41.0	57.0	0.0007936652599558476	9.8
64.0	57.0	0.0007936652599558476	9.8
81.0	57.0	0.0007936652599558476	9.8
29.0	57.0	0.0007936652599558476	9.8
21.0	57.0	0.0007936652599558476	9.8
43.0	57.0	0.0007936652599558476	9.8
57.0	57.0	0.0007936652599558476	9.8
37.0	57.0	0.0007936652599558476	9.8
71.0	57.0	0.0007936652599558476	9.8
22.0	57.0	0.0007936652599558476	9.8
92.0	57.0	0.0007936652599558476	9.8
5.0	57.0	0.0007936652599558476	9.8
48.0	58.0	0.0007575919489969677	9.8
24.0	58.0	0.0007575919489969677	9.8
88.0	58.0	0.0007575919489969677	9.8
83.0	58.0	0.0007575919489969677	9.8
69.0	58.0	0.0007575919489969677	9.8
35.0	58.0	0.0007575919489969677	9.8
84.0	58.0	0.0007575919489969677	9.8
94.0	58.0	0.0007575919489969677	9.8
8.0	58.0	0.0007575919489969677	9.8
80.0	58.0	0.0007575919489969677	9.8
93.0	58.0	0.0007575919489969677	9.8
14.0	58.0	0.0007575919489969677	9.8
32.0	58.0	0.0007575919489969677	9.8
42.0	58.0	0.0007575919489969677	9.8
63.0	58.0	0.0007575919489969677	9.8
70.0	59.0	0.0007231582256944863	9.8
20.0	59.0	0.0007231582256944863	9.8
79.0	59.0	0.0007231582256944863	9.8
43.0	59.0	0.0007231582256944863	9.8
7.0	59.0	0.0007231582256944863	9.8
72.0	59.0	0.0007231582256944863	9.8
94.0	59.0	0.0007231582256944863	9.8
15.0	59.0	0.0007231582256944863	9.8
33.0	59.0	0.0007231582256944863	9.8
41.0	59.0	0.0007231582256944863	9.8
49.0	59.0	0.0007231582256944863	9.8
31.0	59.0	0.0007231582256944863	9.8
16.0	59.0	0.0007231582256944863	9.8
87.0	59.0	0.0007231582256944863	9.8
96.0	59.0	0.0007231582256944863	9.8
19.0	60.0	0.0006902895682589822	9.8
28.0	60.0	0.0006902895682589822	9.8
12.0	60.0	0.0006902895682589822	9.8
79.0	60.0	0.0006902895682589822	9.8
31.0	60.0	0.0006902895682589822	9.8
50.0	60.0	0.0006902895682589822	9.8
42.0	60.0	0.0006902895682589822	9.8
6.0	60.0	0.0006902895682589822	9.8
3.0	60.0	0.0006902895682589822	9.8
9.0	60.0	0.0006902895682589822	9.8
77.0	60.0	0.0006902895682589822	9.8
48.0	60.0	0.0006902895682589822	9.8
58.0	60.0	0.0006902895682589822	9.8
8.0	60.0	0.0006902895682589822	9.8
43.0	60.0	0.0006902895682589822	9.8
93.0	61.0	0.0006589148420313752	9.8
87.0	61.0	0.0006589148420313752	9.8
19.0	61.0	0.0006589148420313752	9.8
82.0	61.0	0.0006589148420313752	9.8
40.0	61.0	0.0006589148420313752	9.8
11.0	61.0	0.0006589148420313752	9.8
98.0	61.0	0.0006589148420313752	9.8
68.0	61.0	0.0006589148420313752	9.8
3.0	61.0	0.0006589148420313752	9.8
73.0	61.0	0.0006589148420313752	9.8
22.0	61.0	0.0006589148420313752	9.8
85.0	61.0	0.0006589148420313752	9.8
34.0	61.0	0.0006589148420313752	9.8
94.0	61.0	0.0006589148420313752	9.8
9.0	61.0	0.0006589148420313752	9.8
87.0	62.0	0.0006289661455326253	9.8
22.0	62.0	0.0006289661455326253	9.8
20.0	62.0	0.0006289661455326253	9.8
94.0	62.0	0.0006289661455326253	9.8
84.0	62.0	0.0006289661455326253	9.8
48.0	62.0	0.0006289661455326253	9.8
21.0	62.0	0.0006289661455326253	9.8
42.0	62.0	0.0006289661455326253	9.8
34.0	62.0	0.0006289661455326253	9.8
91.0	62.0	0.0006289661455326253	9.8
62.0	62.0	0.0006289661455326253	9.8
10.0	62.0	0.0006289661455326253	9.8
58.0	62.0	0.0006289661455326253	9.8
8.0	62.0	0.0006289661455326253	9.8
19.0	62.0	0.0006289661455326253	9.8
57.0	63.0	0.00060037866351071	9.8
40.0	63.0	0.00060037866351071	9.8
84.0	63.0	0.00060037866351071	9.8
69.0	63.0	0.00060037866351071	9.8
36.0	63.0	0.00060037866351071	9.8
0.0	63.0	0.00060037866351071	9.8
63.0	63.0	0.00060037866351071	9.8
53.0	63.0	0.00060037866351071	9.8
17.0	63.0	0.00060037866351071	9.8
44.0	63.0	0.00060037866351071	9.8
47.0	63.0	0.00060037866351071	9.8
35.0	63.0	0.00060037866351071	9.8
15.0	63.0	0.00060037866351071	9.8
24.0	63.0	0.00060037866351071	9.8
45.0	63.0	0.00060037866351071	9.8
91.0	64.0	0.0005730905266668428	9.8
66.0	64.0	0.0005730905266668428	9.8
8.0	64.0	0.0005730905266668428	9.8
33.0	64.0	0.0005730905266668428	9.8
69.0	64.0	0.0005730905266668428	9.8
2.0	64.0	0.0005730905266668428	9.8
21.0	64.0	0.0005730905266668428	9.8
26.0	64.0	0.0005730905266668428	9.8
78.0	64.0	0.0005730905266668428	9.8
74.0	64.0	0.0005730905266668428	9.8
44.0	64.0	0.0005730905266668428	9.8
6.0	64.0	0.0005730905266668428	9.8
43.0	64.0	0.0005730905266668428	9.8
5.0	64.0	0.0005730905266668428	9.8
31.0	64.0	0.0005730905266668428	9.8
31.0	65.0	0.0005470426777573524	9.8
76.0	65.0	0.0005470426777573524	9.8
62.0	65.0	0.0005470426777573524	9.8
26.0	65.0	0.0005470426777573524	9.8
5.0	65.0	0.0005470426777573524	9.8
89.0	65.0	0.0005470426777573524	9.8
74.0	65.0	0.0005470426777573524	9.8
88.0	65.0	0.0005470426777573524	9.8
94.0	65.0	0.0005470426777573524	9.8
0.0	65.0	0.0005470426777573524	9.8
58.0	65.0	0.0005470426777573524	9.8
16.0	65.0	0.0005470426777573524	9.8
10.0	65.0	0.0005470426777573524	9.8
8.0	65.0	0.0005470426777573524	9.8
72.0	65.0	0.0005470426777573524	9.8
41.0	66.0	0.0005221787437814377	9.8
22.0	66.0	0.0005221787437814377	9.8
36.0	66.0	0.0005221787437814377	9.8
66.0	66.0	0.0005221787437814377	9.8
48.0	66.0	0.0005221787437814377	9.8
79.0	66.0	0.0005221787437814377	9.8
20.0	66.0	0.0005221787437814377	9.8
25.0	66.0	0.0005221787437814377	9.8
99.0	66.0	0.0005221787437814377	9.8
83.0	66.0	0.0005221787437814377	9.8
65.0	66.0	0.0005221787437814377	9.8
29.0	66.0	0.0005221787437814377	9.8
58.0	66.0	0.0005221787437814377	9.8
84.0	66.0	0.0005221787437814377	9.8
64.0	66.0	0.0005221787437814377	9.8
64.0	67.0	0.0004984449139781866	9.8
61.0	67.0	0.0004984449139781866	9.8
27.0	67.0	0.0004984449139781866	9.8
17.0	67.0	0.0004984449139781866	9.8
40.0	67.0	0.0004984449139781866	9.8
21.0	67.0	0.0004984449139781866	9.8
92.0	67.0	0.0004984449139781866	9.8
52.0	67.0	0.0004984449139781866	9.8
51.0	67.0	0.0004984449139781866	9.8
18.0	67.0	0.0004984449139781866	9.8
76.0	67.0	0.0004984449139781866	9.8
11.0	67.0	0.0004984449139781866	9.8
35.0	67.0	0.0004984449139781866	9.8
93.0	67.0	0.0004984449139781866	9.8
3.0	67.0	0.0004984449139781866	9.8
67.0	68.0	0.00047578982336881866	9.8
6.0	68.0	0.00047578982336881866	9.8
28.0	68.0	0.00047578982336881866	9.8
21.0	68.0	0.00047578982336881866	9.8
74.0	68.0	0.00047578982336881866	9.8
13.0	68.0	0.00047578982336881866	9.8
70.0	68.0	0.00047578982336881866	9.8
7.0	68.0	0.00047578982336881866	9.8
25.0	68.0	0.00047578982336881866	9.8
92.0	68.0	0.00047578982336881866	9.8
93.0	68.0	0.00047578982336881866	9.8
62.0	68.0	0.00047578982336881866	9.8
53.0	68.0	0.00047578982336881866	9.8
1.0	68.0	0.00047578982336881866	9.8
66.0	68.0	0.00047578982336881866	9.8
22.0	69.0	0.0004541644415921125	9.8
83.0	69.0	0.0004541644415921125	9.8
62.0	69.0	0.0004541644415921125	9.8
13.0	69.0	0.0004541644415921125	9.8
33.0	69.0	0.0004541644415921125	9.8
25.0	69.0	0.0004541644415921125	9.8
81.0	69.0	0.0004541644415921125	9.8
41.0	69.0	0.0004541644415921125	9.8
23.0	69.0	0.0004541644415921125	9.8
43.0	69.0	0.0004541644415921125	9.8
27.0	69.0	0.0004541644415921125	9.8
66.0	69.0	0.0004541644415921125	9.8
7.0	69.0	0.0004541644415921125	9.8
50.0	69.0	0.0004541644415921125	9.8
98.0	69.0	0.0004541644415921125	9.8
44.0	70.0	0.0004335219667924346	9.8
85.0	70.0	0.0004335219667924346	9.8
92.0	70.0	0.0004335219667924346	9.8
39.0	70.0	0.0004335219667924346	9.8
8.0	70.0	0.0004335219667924346	9.8
67.0	70.0	0.0004335219667924346	9.8
18.0	70.0	0.0004335219667924346	9.8
88.0	70.0	0.0004335219667924346	9.8
53.0	70.0	0.0004335219667924346	9.8
52.0	70.0	0.0004335219667924346	9.8
87.0	70.0	0.0004335219667924346	9.8
73.0	70.0	0.0004335219667924346	9.8
66.0	70.0	0.0004335219667924346	9.8
81.0	70.0	0.0004335219667924346	9.8
69.0	70.0	0.0004335219667924346	9.8
33.0	71.0	0.0004138177243307213	9.8
39.0	71.0	0.0004138177243307213	9.8
45.0	71.0	0.0004138177243307213	9.8
48.0	71.0	0.0004138177243307213	9.8
60.0	71.0	0.0004138177243307213	9.8
92.0	71.0	0.0004138177243307213	9.8
19.0	71.0	0.0004138177243307213	9.8
58.0	71.0	0.0004138177243307213	9.8
21.0	71.0	0.0004138177243307213	9.8
32.0	71.0	0.0004138177243307213	9.8
17.0	71.0	0.0004138177243307213	9.8
23.0	71.0	0.0004138177243307213	9.8
65.0	71.0	0.0004138177243307213	9.8
22.0	71.0	0.0004138177243307213	9.8
71.0	71.0	0.0004138177243307213	9.8
13.0	72.0	0.00039500907009920225	9.8
42.0	72.0	0.00039500907009920225	9.8
41.0	72.0	0.00039500907009920225	9.8
0.0	72.0	0.00039500907009920225	9.8
9.0	72.0	0.00039500907009920225	9.8
94.0	72.0	0.00039500907009920225	9.8
70.0	72.0	0.00039500907009920225	9.8
7.0	72.0	0.00039500907009920225	9.8
63.0	72.0	0.00039500907009920225	9.8
17.0	72.0	0.00039500907009920225	9.8
34.0	72.0	0.00039500907009920225	9.8
11.0	72.0	0.00039500907009920225	9.8
35.0	72.0	0.00039500907009920225	9.8
18.0	72.0	0.00039500907009920225	9.8
61.0	72.0	0.00039500907009920225	9.8
44.0	73.0	0.0003770552982306197	9.8
10.0	73.0	0.0003770552982306197	9.8
84.0	73.0	0.0003770552982306197	9.8
82.0	73.0	0.0003770552982306197	9.8
68.0	73.0	0.0003770552982306197	9.8
27.0	73.0	0.0003770552982306197	9.8
7.0	73.0	0.0003770552982306197	9.8
91.0	73.0	0.0003770552982306197	9.8
22.0	73.0	0.0003770552982306197	9.8
8.0	73.0	0.0003770552982306197	9.8
28.0	73.0	0.0003770552982306197	9.8
97.0	73.0	0.0003770552982306197	9.8
89.0	73.0	0.0003770552982306197	9.8
79.0	73.0	0.0003770552982306197	9.8
99.0	73.0	0.0003770552982306197	9.8
82.0	74.0	0.00035991755300220573	9.8
63.0	74.0	0.00035991755300220573	9.8
90.0	74.0	0.00035991755300220573	9.8
56.0	74.0	0.00035991755300220573	9.8
99.0	74.0	0.00035991755300220573	9.8
52.0	74.0	0.00035991755300220573	9.8
45.0	74.0	0.00035991755300220573	9.8
96.0	74.0	0.00035991755300220573	9.8
47.0	74.0	0.00035991755300220573	9.8
67.0	74.0	0.00035991755300220573	9.8
40.0	74.0	0.00035991755300220573	9.8
19.0	74.0	0.00035991755300220573	9.8
26.0	74.0	0.00035991755300220573	9.8
10.0	74.0	0.00035991755300220573	9.8
11.0	74.0	0.00035991755300220573	9.8
12.0	75.0	0.0003435587447437593	9.8
43.0	75.0	0.0003435587447437593	9.8
82.0	75.0	0.0003435587447437593	9.8
37.0	75.0	0.0003435587447437593	9.8
6.0	75.0	0.0003435587447437593	9.8
88.0	75.0	0.0003435587447437593	9.8
35.0	75.0	0.0003435587447437593	9.8
28.0	75.0	0.0003435587447437593	9.8
4.0	75.0	0.0003435587447437593	9.8
7.0	75.0	0.0003435587447437593	9.8
61.0	75.0	0.0003435587447437593	9.8
74.0	75.0	0.0003435587447437593	9.8
96.0	75.0	0.0003435587447437593	9.8
52.0	75.0	0.0003435587447437593	9.8
79.0	75.0	0.0003435587447437593	9.8
0.0	76.0	0.00032794346956783245	9.8
54.0	76.0	0.00032794346956783245	9.8
45.0	76.0	0.00032794346956783245	9.8
36.0	76.0	0.00032794346956783245	9.8
49.0	76.0	0.00032794346956783245	9.8
4.0	76.0	0.00032794346956783245	9.8
61.0	76.0	0.00032794346956783245	9.8
1.0	76.0	0.00032794346956783245	9.8
16.0	76.0	0.00032794346956783245	9.8
18.0	76.0	0.00032794346956783245	9.8
11.0	76.0	0.00032794346956783245	9.8
22.0	76.0	0.00032794346956783245	9.8
86.0	76.0	0.00032794346956783245	9.8
62.0	76.0	0.00032794346956783245	9.8
34.0	76.0	0.00032794346956783245	9.8
63.0	77.0	0.0003130379327483016	9.8
78.0	77.0	0.0003130379327483016	9.8
10.0	77.0	0.0003130379327483016	9.8
86.0	77.0	0.0003130379327483016	9.8
16.0	77.0	0.0003130379327483016	9.8
33.0	77.0	0.0003130379327483016	9.8
18.0	77.0	0.0003130379327483016	9.8
17.0	77.0	0.0003130379327483016	9.8
66.0	77.0	0.0003130379327483016	9.8
94.0	77.0	0.0003130379327483016	9.8
20.0	77.0	0.0003130379327483016	9.8
9.0	77.0	0.0003130379327483016	9.8
71.0	77.0	0.0003130379327483016	9.8
19.0	77.0	0.0003130379327483016	9.8
98.0	77.0	0.0003130379327483016	9.8
57.0	78.0	0.00029880987558150225	9.8
40.0	78.0	0.00029880987558150225	9.8
63.0	78.0	0.00029880987558150225	9.8
43.0	78.0	0.00029880987558150225	9.8
0.0	78.0	0.00029880987558150225	9.8
56.0	78.0	0.00029880987558150225	9.8
67.0	78.0	0.00029880987558150225	9.8
74.0	78.0	0.00029880987558150225	9.8
10.0	78.0	0.00029880987558150225	9.8
98.0	78.0	0.00029880987558150225	9.8
47.0	78.0	0.00029880987558150225	9.8
8.0	78.0	0.00029880987558150225	9.8
84.0	78.0	0.00029880987558150225	9.8
92.0	78.0	0.00029880987558150225	9.8
3.0	78.0	0.00029880987558150225	9.8
55.0	79.0	0.0002852285055716376	9.8
27.0	79.0	0.0002852285055716376	9.8
78.0	79.0	0.0002852285055716376	9.8
86.0	79.0	0.0002852285055716376	9.8
93.0	79.0	0.0002852285055716376	9.8
39.0	79.0	0.0002852285055716376	9.8
98.0	79.0	0.0002852285055716376	9.8
13.0	79.0	0.0002852285055716376	9.8
3.0	79.0	0.0002852285055716376	9.8
50.0	79.0	0.0002852285055716376	9.8
37.0	79.0	0.0002852285055716376	9.8
82.0	79.0	0.0002852285055716376	9.8
65.0	79.0	0.0002852285055716376	9.8
97.0	79.0	0.0002852285055716376	9.8
48.0	79.0	0.0002852285055716376	9.8
58.0	80.0	0.00027226442978936803	9.8
48.0	80.0	0.00027226442978936803	9.8
8.0	80.0	0.00027226442978936803	9.8
32.0	80.0	0.00027226442978936803	9.8
67.0	80.0	0.00027226442978936803	9.8
80.0	80.0	0.00027226442978936803	9.8
23.0	80.0	0.00027226442978936803	9.8
25.0	80.0	0.00027226442978936803	9.8
81.0	80.0	0.00027226442978936803	9.8
90.0	80.0	0.00027226442978936803	9.8
33.0	80.0	0.00027226442978936803	9.8
59.0	80.0	0.00027226442978936803	9.8
70.0	80.0	0.00027226442978936803	9.8
39.0	80.0	0.00027226442978936803	9.8
68.0	80.0	0.00027226442978936803	9.8
64.0	81.0	0.0002598895912593555	9.8
38.0	81.0	0.0002598895912593555	9.8
5.0	81.0	0.0002598895912593555	9.8
29.0	81.0	0.0002598895912593555	9.8
62.0	81.0	0.0002598895912593555	9.8
86.0	81.0	0.0002598895912593555	9.8
39.0	81.0	0.0002598895912593555	9.8
27.0	81.0	0.0002598895912593555	9.8
60.0	81.0	0.0002598895912593555	9.8
49.0	81.0	0.0002598895912593555	9.8
1.0	81.0	0.0002598895912593555	9.8
9.0	81.0	0.0002598895912593555	9.8
79.0	81.0	0.0002598895912593555	9.8
30.0	81.0	0.0002598895912593555	9.8
41.0	81.0	0.0002598895912593555	9.8
19.0	82.0	0.00024807720823909267	9.8
16.0	82.0	0.00024807720823909267	9.8
74.0	82.0	0.00024807720823909267	9.8
33.0	82.0	0.00024807720823909267	9.8
48.0	82.0	0.00024807720823909267	9.8
36.0	82.0	0.00024807720823909267	9.8
92.0	82.0	0.00024807720823909267	9.8
24.0	82.0	0.00024807720823909267	9.8
11.0	82.0	0.00024807720823909267	9.8
88.0	82.0	0.00024807720823909267	9.8
97.0	82.0	0.00024807720823909267	9.8
94.0	82.0	0.00024807720823909267	9.8
44.0	82.0	0.00024807720823909267	9.8
85.0	82.0	0.00024807720823909267	9.8
8.0	82.0	0.00024807720823909267	9.8
38.0	83.0	0.00023680171625760227	9.8
91.0	83.0	0.00023680171625760227	9.8
14.0	83.0	0.00023680171625760227	9.8
63.0	83.0	0.00023680171625760227	9.8
20.0	83.0	0.00023680171625760227	9.8
21.0	83.0	0.00023680171625760227	9.8
2.0	83.0	0.00023680171625760227	9.8
26.0	83.0	0.00023680171625760227	9.8
87.0	83.0	0.00023680171625760227	9.8
70.0	83.0	0.00023680171625760227	9.8
52.0	83.0	0.00023680171625760227	9.8
78.0	83.0	0.00023680171625760227	9.8
62.0	83.0	0.00023680171625760227	9.8
18.0	83.0	0.00023680171625760227	9.8
57.0	83.0	0.00023680171625760227	9.8
12.0	84.0	0.00022603871278856783	9.8
77.0	84.0	0.00022603871278856783	9.8
64.0	84.0	0.00022603871278856783	9.8
62.0	84.0	0.00022603871278856783	9.8
94.0	84.0	0.00022603871278856783	9.8
95.0	84.0	0.00022603871278856783	9.8
30.0	84.0	0.00022603871278856783	9.8
1.0	84.0	0.00022603871278856783	9.8
7.0	84.0	0.00022603871278856783	9.8
93.0	84.0	0.00022603871278856783	9.8
91.0	84.0	0.00022603871278856783	9.8
17.0	84.0	0.00022603871278856783	9.8
74.0	84.0	0.00022603871278856783	9.8
53.0	84.0	0.00022603871278856783	9.8
44.0	84.0	0.00022603871278856783	9.8
6.0	85.0	0.00021576490443815495	9.8
45.0	85.0	0.00021576490443815495	9.8
63.0	85.0	0.00021576490443815495	9.8
43.0	85.0	0.00021576490443815495	9.8
75.0	85.0	0.00021576490443815495	9.8
19.0	85.0	0.00021576490443815495	9.8
32.0	85.0	0.00021576490443815495	9.8
86.0	85.0	0.00021576490443815495	9.8
8.0	85.0	0.00021576490443815495	9.8
39.0	85.0	0.00021576490443815495	9.8
42.0	85.0	0.00021576490443815495	9.8
49.0	85.0	0.00021576490443815495	9.8
71.0	85.0	0.00021576490443815495	9.8
84.0	85.0	0.00021576490443815495	9.8
79.0	85.0	0.00021576490443815495	9.8
1.0	86.0	0.0002059580565332289	9.8
80.0	86.0	0.0002059580565332289	9.8
82.0	86.0	0.0002059580565332289	9.8
4.0	86.0	0.0002059580565332289	9.8
41.0	86.0	0.0002059580565332289	9.8
31.0	86.0	0.0002059580565332289	9.8
87.0	86.0	0.0002059580565332289	9.8
15.0	86.0	0.0002059580565332289	9.8
9.0	86.0	0.0002059580565332289	9.8
46.0	86.0	0.0002059580565332289	9.8
28.0	86.0	0.0002059580565332289	9.8
88.0	86.0	0.0002059580565332289	9.8
6.0	86.0	0.0002059580565332289	9.8
75.0	86.0	0.0002059580565332289	9.8
77.0	86.0	0.0002059580565332289	9.8
81.0	87.0	0.00019659694500086443	9.8
26.0	87.0	0.00019659694500086443	9.8
52.0	87.0	0.00019659694500086443	9.8
68.0	87.0	0.00019659694500086443	9.8
29.0	87.0	0.00019659694500086443	9.8
14.0	87.0	0.00019659694500086443	9.8
74.0	87.0	0.00019659694500086443	9.8
16.0	87.0	0.00019659694500086443	9.8
51.0	87.0	0.00019659694500086443	9.8
4.0	87.0	0.00019659694500086443	9.8
86.0	87.0	0.00019659694500086443	9.8
37.0	87.0	0.00019659694500086443	9.8
59.0	87.0	0.00019659694500086443	9.8
90.0	87.0	0.00019659694500086443	9.8
8.0	87.0	0.00019659694500086443	9.8
58.0	88.0	0.00018766131043500663	9.8
14.0	88.0	0.00018766131043500663	9.8
11.0	88.0	0.00018766131043500663	9.8
36.0	88.0	0.00018766131043500663	9.8
95.0	88.0	0.00018766131043500663	9.8
38.0	88.0	0.00018766131043500663	9.8
57.0	88.0	0.00018766131043500663	9.8
55.0	88.0	0.00018766131043500663	9.8
41.0	88.0	0.00018766131043500663	9.8
16.0	88.0	0.00018766131043500663	9.8
47.0	88.0	0.00018766131043500663	9.8
4.0	88.0	0.00018766131043500663	9.8
20.0	88.0	0.00018766131043500663	9.8
24.0	88.0	0.00018766131043500663	9.8
73.0	88.0	0.00018766131043500663	9.8
77.0	89.0	0.00017913181425087288	9.8
75.0	89.0	0.00017913181425087288	9.8
79.0	89.0	0.00017913181425087288	9.8
21.0	89.0	0.00017913181425087288	9.8
25.0	89.0	0.00017913181425087288	9.8
98.0	89.0	0.00017913181425087288	9.8
81.0	89.0	0.00017913181425087288	9.8
31.0	89.0	0.00017913181425087288	9.8
36.0	89.0	0.00017913181425087288	9.8
58.0	89.0	0.00017913181425087288	9.8
38.0	89.0	0.00017913181425087288	9.8
48.0	89.0	0.00017913181425087288	9.8
35.0	89.0	0.00017913181425087288	9.8
2.0	89.0	0.00017913181425087288	9.8
42.0	89.0	0.00017913181425087288	9.8
48.0	90.0	0.00017098999683220505	9.8
85.0	90.0	0.00017098999683220505	9.8
2.0	90.0	0.00017098999683220505	9.8
13.0	90.0	0.00017098999683220505	9.8
82.0	90.0	0.00017098999683220505	9.8
93.0	90.0	0.00017098999683220505	9.8
64.0	90.0	0.00017098999683220505	9.8
68.0	90.0	0.00017098999683220505	9.8
78.0	90.0	0.00017098999683220505	9.8
75.0	90.0	0.00017098999683220505	9.8
91.0	90.0	0.00017098999683220505	9.8
36.0	90.0	0.00017098999683220505	9.8
23.0	90.0	0.00017098999683220505	9.8
10.0	90.0	0.00017098999683220505	9.8
45.0	90.0	0.00017098999683220505	9.8
82.0	91.0	0.0001632182375807932	9.8
26.0	91.0	0.0001632182375807932	9.8
13.0	91.0	0.0001632182375807932	9.8
11.0	91.0	0.0001632182375807932	9.8
4.0	91.0	0.0001632182375807932	9.8
35.0	91.0	0.0001632182375807932	9.8
18.0	91.0	0.0001632182375807932	9.8
3.0	91.0	0.0001632182375807932	9.8
70.0	91.0	0.0001632182375807932	9.8
53.0	91.0	0.0001632182375807932	9.8
25.0	91.0	0.0001632182375807932	9.8
15.0	91.0	0.0001632182375807932	9.8
63.0	91.0	0.0001632182375807932	9.8
19.0	91.0	0.0001632182375807932	9.8
90.0	91.0	0.0001632182375807932	9.8
37.0	92.0	0.00015579971678181072	9.8
18.0	92.0	0.00015579971678181072	9.8
87.0	92.0	0.00015579971678181072	9.8
29.0	92.0	0.00015579971678181072	9.8
79.0	92.0	0.00015579971678181072	9.8
46.0	92.0	0.00015579971678181072	9.8
56.0	92.0	0.00015579971678181072	9.8
41.0	92.0	0.00015579971678181072	9.8
2.0	92.0	0.00015579971678181072	9.8
4.0	92.0	0.00015579971678181072	9.8
9.0	92.0	0.00015579971678181072	9.8
34.0	92.0	0.00015579971678181072	9.8
58.0	92.0	0.00015579971678181072	9.8
30.0	92.0	0.00015579971678181072	9.8
22.0	92.0	0.00015579971678181072	9.8
4.0	93.0	0.00014871837920242827	9.8
7.0	93.0	0.00014871837920242827	9.8
29.0	93.0	0.00014871837920242827	9.8
47.0	93.0	0.00014871837920242827	9.8
0.0	93.0	0.00014871837920242827	9.8
91.0	93.0	0.00014871837920242827	9.8
85.0	93.0	0.00014871837920242827	9.8
57.0	93.0	0.00014871837920242827	9.8
37.0	93.0	0.00014871837920242827	9.8
97.0	93.0	0.00014871837920242827	9.8
63.0	93.0	0.00014871837920242827	9.8
84.0	93.0	0.00014871837920242827	9.8
99.0	93.0	0.00014871837920242827	9.8
61.0	93.0	0.00014871837920242827	9.8
18.0	93.0	0.00014871837920242827	9.8
20.0	94.0	0.0001419588993449273	9.8
24.0	94.0	0.0001419588993449273	9.8
0.0	94.0	0.0001419588993449273	9.8
13.0	94.0	0.0001419588993449273	9.8
94.0	94.0	0.0001419588993449273	9.8
11.0	94.0	0.0001419588993449273	9.8
41.0	94.0	0.0001419588993449273	9.8
72.0	94.0	0.0001419588993449273	9.8
85.0	94.0	0.0001419588993449273	9.8
21.0	94.0	0.0001419588993449273	9.8
29.0	94.0	0.0001419588993449273	9.8
28.0	94.0	0.0001419588993449273	9.8
32.0	94.0	0.0001419588993449273	9.8
16.0	94.0	0.0001419588993449273	9.8
50.0	94.0	0.0001419588993449273	9.8
39.0	95.0	0.000135506648279113	9.8
11.0	95.0	0.000135506648279113	9.8
92.0	95.0	0.000135506648279113	9.8
99.0	95.0	0.000135506648279113	9.8
62.0	95.0	0.000135506648279113	9.8
3.0	95.0	0.000135506648279113	9.8
44.0	95.0	0.000135506648279113	9.8
75.0	95.0	0.000135506648279113	9.8
86.0	95.0	0.000135506648279113	9.8
84.0	95.0	0.000135506648279113	9.8
5.0	95.0	0.000135506648279113	9.8
33.0	95.0	0.000135506648279113	9.8
38.0	95.0	0.000135506648279113	9.8
18.0	95.0	0.000135506648279113	9.8
52.0	95.0	0.000135506648279113	9.8
72.0	96.0	0.00012934766198224529	9.8
44.0	96.0	0.00012934766198224529	9.8
58.0	96.0	0.00012934766198224529	9.8
52.0	96.0	0.00012934766198224529	9.8
56.0	96.0	0.00012934766198224529	9.8
86.0	96.0	0.00012934766198224529	9.8
97.0	96.0	0.00012934766198224529	9.8
4.0	96.0	0.00012934766198224529	9.8
47.0	96.0	0.00012934766198224529	9.8
29.0	96.0	0.00012934766198224529	9.8
31.0	96.0	0.00012934766198224529	9.8
36.0	96.0	0.00012934766198224529	9.8
69.0	96.0	0.00012934766198224529	9.8
67.0	96.0	0.00012934766198224529	9.8
77.0	96.0	0.00012934766198224529	9.8
85.0	97.0	0.00012346861111796882	9.8
16.0	97.0	0.00012346861111796882	9.8
19.0	97.0	0.00012346861111796882	9.8
53.0	97.0	0.00012346861111796882	9.8
21.0	97.0	0.00012346861111796882	9.8
91.0	97.0	0.00012346861111796882	9.8
76.0	97.0	0.00012346861111796882	9.8
36.0	97.0	0.00012346861111796882	9.8
80.0	97.0	0.00012346861111796882	9.8
93.0	97.0	0.00012346861111796882	9.8
43.0	97.0	0.00012346861111796882	9.8
8.0	97.0	0.00012346861111796882	9.8
48.0	97.0	0.00012346861111796882	9.8
7.0	97.0	0.00012346861111796882	9.8
17.0	97.0	0.00012346861111796882	9.8
87.0	98.0	0.00011785677218883729	9.8
38.0	98.0	0.00011785677218883729	9.8
28.0	98.0	0.00011785677218883729	9.8
16.0	98.0	0.00011785677218883729	9.8
53.0	98.0	0.00011785677218883729	9.8
86.0	98.0	0.00011785677218883729	9.8
12.0	98.0	0.00011785677218883729	9.8
78.0	98.0	0.00011785677218883729	9.8
29.0	98.0	0.00011785677218883729	9.8
56.0	98.0	0.00011785677218883729	9.8
76.0	98.0	0.00011785677218883729	9.8
63.0	98.0	0.00011785677218883729	9.8
50.0	98.0	0.00011785677218883729	9.8
59.0	98.0	0.00011785677218883729	9.8
42.0	98.0	0.00011785677218883729	9.8
61.0	99.0	0.0001125	9.8
72.0	99.0	0.0001125	9.8
94.0	99.0	0.0001125	9.8
26.0	99.0	0.0001125	9.8
10.0	99.0	0.0001125	9.8
42.0	99.0	0.0001125	9.8
88.0	99.0	0.0001125	9.8
48.0	99.0	0.0001125	9.8
37.0	99.0	0.0001125	9.8
22.0	99.0	0.0001125	9.8
32.0	99.0	0.0001125	9.8
45.0	99.0	0.0001125	9.8
14.0	99.0	0.0001125	9.8
39.0	99.0	0.0001125	9.8
12.0	99.0	0.0001125	9.8
